canvas 100 100 800 800
shape r1 rectangle
motion r1 1 100 300 20 300 255 0 0 1 100 300 20 300 255 0 0
motion r1 111 100 300 20 300 255 0 0 211 200 300 20 300 255 0 0
motion r1 221 200 300 20 300 255 0 0 321 300 300 20 300 255 0 0
motion r1 331 300 300 20 300 255 0 0 431 400 300 20 300 255 0 0
motion r1 441 400 300 20 300 255 0 0 541 500 300 20 300 255 0 0
shape r2 rectangle
motion r2 1 200 300 20 200 255 255 0 1 200 300 20 200 255 255 0
motion r2 111 200 300 20 200 255 255 0 211 100 300 20 200 255 255 0
motion r2 661 100 300 20 200 255 255 0 761 200 300 20 200 255 255 0
motion r2 771 200 300 20 200 255 255 0 871 300 300 20 200 255 255 0
shape r3 rectangle
motion r3 1 300 300 20 180 0 255 0 1 300 300 20 180 0 255 0
motion r3 221 300 300 20 180 0 255 0 321 200 300 20 180 0 255 0
motion r3 661 200 300 20 180 0 255 0 761 100 300 20 180 0 255 0
motion r3 991 100 300 20 180 0 255 0 1091 200 300 20 180 0 255 0
shape r4 rectangle
motion r4 1 400 300 20 40 0 0 255 1 400 300 20 40 0 0 255
motion r4 331 400 300 20 40 0 0 255 431 300 300 20 40 0 0 255
motion r4 771 300 300 20 40 0 0 255 871 200 300 20 40 0 0 255
motion r4 991 200 300 20 40 0 0 255 1091 100 300 20 40 0 0 255
shape r5 rectangle
motion r5 1 500 300 20 255 255 0 255 1 500 300 20 255 255 0 255
motion r5 441 500 300 20 255 255 0 255 541 400 300 20 255 255 0 255
